1 3110625 5777631
2 815106 2667006
3 387017 1851900
4 223834 1464883
5 151428 1241049
6 116565 1089621
7 88801 973056
8 71846 884255
9 59691 812409
10 49794 752718
11 42454 702924
12 37221 660470
13 32289 623249
14 28114 590960
15 25693 562846
16 22846 537153
17 20610 514307
18 18493 493697
19 17062 475204
20 15607 458142
21 14278 442535
22 13202 428257
23 12398 415055
24 11593 402657
25 10890 391064
26 10170 380174
27 9388 370004
28 8767 360616
29 8241 351849
30 7934 343608
31 7457 335674
32 7163 328217
33 6620 321054
34 6382 314434
35 5933 308052
36 5775 302119
37 5656 296344
38 5187 290688
39 5046 285501
40 4856 280455
41 4518 275599
42 4509 271081
43 4295 266572
44 4101 262277
45 3850 258176
46 3818 254326
47 3624 250508
48 3563 246884
49 3334 243321
50 3301 239987
51 3118 236686
52 3150 233568
53 2848 230418
54 2875 227570
55 2759 224695
56 2661 221936
57 2539 219275
58 2570 216736
59 2519 214166
60 2350 211647
61 2341 209297
62 2259 206956
63 2143 204697
64 2095 202554
65 2123 200459
66 1999 198336
67 1942 196337
68 1955 194395
69 1904 192440
70 1815 190536
71 1805 188721
72 1803 186916
73 1762 185113
74 1634 183351
75 1557 181717
76 1602 180160
77 1524 178558
78 1551 177034
79 1646 175483
80 1448 173837
81 1416 172389
82 1394 170973
83 1323 169579
84 1284 168256
85 1291 166972
86 1284 165681
87 1211 164397
88 1239 163186
89 1164 161947
90 1155 160783
91 1162 159628
92 1094 158466
93 1111 157372
94 1108 156261
95 1080 155153
96 1026 154073
97 1022 153047
98 1074 152025
99 1000 150951
100 937 149951
101 1023 149014
102 1014 147991
103 965 146977
104 892 146012
105 893 145120
106 838 144227
107 881 143389
108 858 142508
109 835 141650
110 812 140815
111 831 140003
112 773 139172
113 794 138399
114 735 137605
115 776 136870
116 810 136094
117 721 135284
118 691 134563
119 737 133872
120 706 133135
121 703 132429
122 681 131726
123 720 131045
124 665 130325
125 689 129660
126 662 128971
127 679 128309
128 634 127630
129 587 126996
130 663 126409
131 580 125746
132 659 125166
133 594 124507
134 610 123913
135 627 123303
136 553 122676
137 607 122123
138 568 121516
139 542 120948
140 604 120406
141 576 119802
142 585 119226
143 511 118641
144 571 118130
145 527 117559
146 503 117032
147 543 116529
148 469 115986
149 480 115517
150 473 115037
151 496 114564
152 498 114068
153 533 113570
154 435 113037
155 494 112602
156 463 112108
157 445 111645
158 467 111200
159 436 110733
160 468 110297
161 457 109829
162 444 109372
163 443 108928
164 412 108485
165 431 108073
166 446 107642
167 401 107196
168 423 106795
169 411 106372
170 423 105961
171 384 105538
172 402 105154
173 385 104752
174 360 104367
175 381 104007
176 380 103626
177 350 103246
178 380 102896
179 347 102516
180 349 102169
181 347 101820
182 345 101473
183 366 101128
184 374 100762
185 334 100388
186 321 100054
187 351 99733
188 335 99382
189 361 99047
190 333 98686
191 326 98353
192 358 98027
193 344 97669
194 378 97325
195 318 96947
196 308 96629
197 300 96321
198 291 96021
199 296 95730
200 308 95434
201 316 95126
202 295 94810
203 299 94515
204 311 94216
205 261 93905
206 305 93644
207 272 93339
208 311 93067
209 283 92756
210 285 92473
211 235 92188
212 270 91953
213 277 91683
214 284 91406
215 293 91122
216 248 90829
217 266 90581
218 273 90315
219 277 90042
220 290 89765
221 228 89475
222 262 89247
223 275 88985
224 254 88710
225 237 88456
226 246 88219
227 229 87973
228 228 87744
229 261 87516
230 224 87255
231 218 87031
232 241 86813
233 249 86572
234 240 86323
235 212 86083
236 261 85871
237 228 85610
238 220 85382
239 225 85162
240 189 84937
241 236 84748
242 232 84512
243 210 84280
244 214 84070
245 223 83856
246 211 83633
247 208 83422
248 201 83214
249 222 83013
250 222 82791
251 191 82569
252 233 82378
253 201 82145
254 205 81944
255 230 81739
256 197 81509
257 209 81312
258 206 81103
259 213 80897
260 175 80684
261 193 80509
262 176 80316
263 171 80140
264 224 79969
265 189 79745
266 182 79556
267 188 79374
268 184 79186
269 189 79002
270 176 78813
271 177 78637
272 209 78460
273 165 78251
274 191 78086
275 196 77895
276 228 77699
277 166 77471
278 175 77305
279 173 77130
280 189 76957
281 149 76768
282 185 76619
283 163 76434
284 157 76271
285 160 76114
286 160 75954
287 162 75794
288 138 75632
289 167 75494
290 141 75327
291 147 75186
292 151 75039
293 184 74888
294 153 74704
295 145 74551
296 142 74406
297 122 74264
298 145 74142
299 151 73997
300 155 73846
301 171 73691
302 167 73520
303 152 73353
304 143 73201
305 150 73058
306 150 72908
307 157 72758
308 134 72601
309 172 72467
310 128 72295
311 151 72167
312 147 72016
313 136 71869
314 148 71733
315 132 71585
316 177 71453
317 139 71276
318 136 71137
319 125 71001
320 134 70876
321 117 70742
322 141 70625
323 136 70484
324 146 70348
325 153 70202
326 137 70049
327 138 69912
328 136 69774
329 137 69638
330 137 69501
331 134 69364
332 130 69230
333 118 69100
334 141 68982
335 124 68841
336 151 68717
337 152 68566
338 133 68414
339 132 68281
340 117 68149
341 122 68032
342 121 67910
343 130 67789
344 130 67659
345 118 67529
346 122 67411
347 138 67289
348 150 67151
349 114 67001
350 125 66887
351 124 66762
352 122 66638
353 107 66516
354 117 66409
355 128 66292
356 110 66164
357 127 66054
358 121 65927
359 127 65806
360 113 65679
361 113 65566
362 132 65453
364 107 65223
365 113 65116
366 128 65003
367 112 64875
368 116 64763
369 104 64647
370 114 64543
371 102 64429
372 131 64327
373 118 64196
374 119 64078
375 113 63959
376 109 63846
377 113 63737
378 108 63624
380 108 63421
381 119 63313
382 106 63194
384 87 62990
385 107 62903
387 93 62700
389 107 62511
390 115 62404
392 101 62190
394 102 61998
395 112 61896
397 87 61706
399 99 61523
401 111 61332
403 99 61139
404 111 61040
406 94 60848
408 93 60669
410 87 60486
412 102 60301
414 82 60112
415 113 60030
417 73 59830
419 87 59664
421 86 59480
423 96 59295
425 88 59110
427 79 58933
429 80 58784
431 97 58620
433 74 58431
435 82 58274
437 90 58103
439 99 57922
441 85 57733
443 75 57574
445 85 57424
447 83 57249
449 70 57094
451 75 56936
453 81 56774
455 81 56610
457 92 56453
459 86 56288
461 79 56124
463 77 55968
465 78 55818
467 74 55652
469 77 55493
471 82 55340
473 70 55178
475 68 55034
477 65 54897
479 72 54765
481 76 54630
483 73 54474
485 76 54334
487 82 54190
489 76 54047
491 73 53885
493 78 53757
495 72 53607
497 63 53472
499 66 53331
501 66 53207
503 69 53065
505 63 52925
507 70 52788
509 79 52650
511 74 52498
513 55 52349
515 68 52222
517 53 52099
519 53 51990
521 63 51891
523 67 51771
525 66 51641
527 59 51497
529 53 51374
531 62 51251
533 62 51128
535 52 51014
537 59 50905
539 65 50796
541 61 50672
543 58 50564
545 56 50438
547 64 50337
549 54 50215
551 70 50095
553 61 49951
555 63 49825
558 64 49664
560 63 49540
563 59 49390
565 59 49270
567 69 49155
569 55 49026
572 48 48872
574 55 48776
576 59 48669
578 60 48560
580 54 48444
582 56 48324
584 46 48210
586 54 48117
588 59 48010
591 40 47862
594 47 47729
597 52 47591
600 54 47443
603 44 47306
606 41 47172
608 43 47073
611 42 46947
614 33 46814
617 50 46687
620 50 46544
623 51 46396
626 46 46261
628 60 46161
631 44 46030
634 39 45890
637 54 45767
639 43 45654
641 47 45557
644 35 45419
647 38 45306
650 40 45185
653 40 45067
656 40 44936
659 39 44807
661 49 44709
664 49 44588
667 48 44451
670 48 44325
673 39 44206
676 44 44082
679 40 43959
682 35 43844
686 45 43710
689 38 43572
692 53 43461
695 47 43322
698 33 43198
701 42 43084
704 30 42960
707 27 42853
710 32 42745
713 39 42646
716 40 42539
719 40 42432
722 40 42330
726 37 42200
729 37 42099
732 31 41986
735 45 41896
738 37 41786
741 48 41672
745 33 41527
749 36 41400
752 40 41282
755 40 41172
758 36 41066
762 40 40937
765 31 40823
769 33 40703
773 34 40579
777 26 40447
780 34 40345
783 35 40239
787 28 40114
790 34 40019
794 30 39890
797 36 39792
801 28 39660
805 30 39541
809 32 39418
813 29 39300
817 31 39181
821 25 39067
825 22 38957
829 25 38840
833 21 38728
837 35 38629
840 40 38531
844 36 38421
848 33 38298
852 30 38172
856 27 38054
860 25 37932
865 27 37815
869 35 37695
873 35 37578
877 26 37452
881 25 37351
885 36 37240
889 27 37127
894 32 37002
898 32 36873
903 25 36752
907 25 36643
912 22 36519
917 18 36398
922 21 36288
927 17 36177
931 34 36091
936 31 35959
940 27 35849
945 19 35731
950 23 35635
955 23 35524
960 18 35403
964 23 35299
969 28 35191
974 20 35072
979 25 34969
984 18 34856
989 15 34753
994 24 34649
999 28 34530
1004 24 34425
1009 20 34314
1014 15 34206
1019 22 34110
1025 23 33990
1030 21 33880
1035 25 33778
1040 19 33656
1046 24 33542
1052 33 33429
1058 17 33308
1063 21 33207
1068 14 33091
1074 18 32992
1081 21 32880
1087 18 32771
1093 21 32663
1100 17 32547
1106 15 32439
1113 24 32325
1119 22 32219
1126 13 32104
1132 13 32003
1138 20 31902
1145 21 31783
1152 22 31673
1159 23 31567
1166 21 31448
1173 19 31334
1179 21 31234
1186 16 31116
1192 21 31020
1199 24 30905
1205 20 30790
1211 23 30686
1217 17 30580
1223 20 30476
1230 20 30371
1237 13 30261
1244 17 30150
1251 25 30039
1258 24 29921
1265 19 29807
1272 19 29703
1280 14 29585
1288 12 29472
1294 13 29363
1301 14 29260
1308 15 29151
1316 14 29042
1324 14 28936
1332 18 28839
1340 14 28728
1349 14 28625
1357 22 28514
1364 12 28395
1371 9 28290
1378 20 28198
1386 10 28087
1394 16 27978
1403 17 27871
1413 15 27761
1422 14 27660
1430 10 27552
1439 13 27451
1449 15 27345
1458 14 27238
1468 12 27136
1475 17 27038
1485 10 26922
1495 14 26815
1504 19 26704
1516 10 26593
1526 19 26491
1535 13 26382
1544 13 26275
1554 11 26164
1565 13 26058
1574 9 25953
1585 14 25856
1595 9 25747
1605 13 25641
1614 11 25536
1623 8 25427
1632 11 25325
1643 9 25218
1654 8 25114
1665 9 25009
1678 3 24903
1688 14 24810
1698 11 24702
1708 9 24598
1719 8 24490
1733 8 24387
1746 14 24291
1757 11 24188
1768 7 24079
1780 7 23978
1792 8 23872
1804 7 23767
1817 9 23668
1833 11 23566
1845 13 23459
1858 9 23348
1871 6 23241
1887 11 23136
1901 11 23028
1913 8 22918
1926 2 22812
1939 12 22712
1953 8 22603
1968 6 22501
1982 10 22401
1996 5 22293
2010 9 22197
2022 8 22094
2038 3 21988
2052 9 21892
2067 5 21785
2085 6 21685
2100 8 21580
2116 8 21476
2134 6 21373
2148 9 21275
2166 7 21167
2183 10 21062
2200 10 20955
2220 7 20847
2238 4 20742
2257 6 20642
2273 4 20540
2291 6 20441
2308 6 20339
2325 8 20241
2343 9 20140
2364 6 20037
2384 7 19934
2403 6 19828
2421 3 19725
2439 7 19627
2459 6 19526
2479 8 19426
2500 8 19322
2519 5 19216
2539 2 19112
2557 4 19013
2577 3 18910
2598 3 18808
2616 6 18711
2637 7 18609
2659 5 18505
2676 11 18410
2702 4 18300
2727 4 18198
2752 5 18096
2777 3 17992
2800 6 17895
2827 5 17790
2853 5 17689
2877 5 17586
2902 1 17482
2929 8 17386
2958 4 17281
2981 6 17179
3009 5 17076
3035 3 16972
3063 3 16870
3094 5 16768
3123 5 16666
3155 7 16564
3191 3 16458
3224 1 16356
3256 4 16257
3284 3 16155
3312 9 16061
3344 6 15953
3373 4 15850
3409 6 15752
3445 4 15648
3475 5 15548
3514 5 15445
3551 6 15341
3588 7 15238
3633 6 15133
3668 5 15032
3707 4 14929
3742 3 14826
3780 1 14724
3824 5 14626
3867 2 14522
3905 4 14424
3940 5 14322
3993 3 14218
4036 2 14117
4084 4 14019
4134 3 13916
4185 2 13814
4231 3 13714
4283 3 13614
4335 1 13512
4389 2 13413
4442 2 13313
4501 2 13212
4550 3 13113
4606 2 13012
4658 2 12911
4717 3 12812
4778 3 12711
4832 4 12612
4892 4 12511
4942 1 12408
5003 2 12308
5062 3 12209
5137 2 12108
5200 5 12007
5264 5 11904
5341 1 11800
5401 3 11701
5464 2 11600
5532 7 11503
5606 1 11397
5682 3 11299
5760 2 11197
5840 2 11096
5931 3 10997
6009 1 10895
6085 5 10796
6166 2 10692
6237 1 10591
6311 2 10492
6399 1 10391
6509 1 10291
6593 1 10191
6694 1 10091
6800 1 9991
6882 3 9891
6998 2 9789
7107 1 9688
7210 4 9588
7333 1 9485
7441 1 9385
7546 1 9285
7667 1 9185
7787 2 9086
7908 2 8986
8040 2 8885
8196 3 8784
8326 1 8682
8449 2 8582
8611 4 8484
8748 2 8382
8864 2 8281
9034 1 8180
9182 1 8080
9334 4 7981
9509 1 7878
9726 2 7779
9902 1 7678
10128 2 7578
10332 3 7479
10484 1 7377
10666 1 7277
10899 2 7178
11074 2 7077
11305 2 6976
11560 1 6875
11746 2 6776
11983 1 6675
12300 1 6575
12578 1 6475
12810 1 6375
13056 1 6275
13322 2 6176
13636 1 6075
13951 2 5975
14288 1 5874
14643 1 5774
15004 1 5674
15352 1 5574
15745 1 5474
16180 1 5374
16684 1 5274
17095 1 5174
17551 1 5074
17977 2 4974
18419 1 4873
18931 1 4773
19389 2 4674
20038 1 4573
20607 2 4474
21394 1 4373
22028 2 4274
22721 1 4173
23259 1 4073
23914 1 3973
24605 1 3873
25356 1 3773
26225 1 3673
27064 1 3573
27989 1 3473
28920 1 3373
29923 1 3273
31140 1 3173
32421 1 3073
33875 1 2973
35302 1 2873
36921 1 2773
38570 1 2673
40041 1 2573
41827 1 2473
43823 2 2373
45997 1 2272
48470 1 2172
50893 1 2072
53575 1 1972
56795 1 1872
59987 1 1772
63809 1 1672
67733 1 1572
72016 1 1472
76439 1 1372
82575 1 1272
89314 1 1172
97264 1 1072
105976 1 972
116312 1 872
129821 1 772
147874 1 672
167048 1 572
201705 1 472
245176 1 372
322741 1 272
452639 1 172
919787 1 72
