word353

50,100,150,200,250,300
0.5449,0.5355,0.5319,0.5371,0.5271,0.5233


SWSC

50,100,150,200,250,300

0.4666,0.4994,0.5087,0.5103,0.5083,0.5048


iterTime:
50,100,150,200,250,300
683.29,827.30,1069.9,1389.9,1755.7,2272.9

treeTime:
50,100,150,200,250,300
34.6,70.1,210,322,533,842

countTime:
50,100,150,200,250,300
342.9,494.7,502.7,632.5,764.7,947.8












/home/IAIS/hwang/SparkWord2Vec/resultsData/rmsense/Jun-29-11-52-06-Para:20,5,200,10,5,50,2000_10000,0.1,0.9,true,184
Jun-29-11-52-06-Para:20,5,200,10,5,50,2000_10000,0.1,0.9,true,184
